tab 01: 2738 78 50 44 2061
tab 02: 156 196 128 44 5355
tab 03: 406 196 264 46 2424
tab 04: 750 196 124 46 1304
tab 05: 112 282 208 44 8817
tab 06: 170 324 144 46 1634
tab 07: 24 404 116 44 4744
tab 08: 202 480 128 44 1194
tab 09: 338 480 138 44 5645
tab 10: 484 480 124 44 5080
tab 11: 616 480 108 44 4462
tab 12: 70 524 584 46 4984
tab 13: 662 525 50 44 2059
tab 14: 42 600 16 16 84
tab 15: none
tab 16: 908 602 584 46 4984
tab 17: 1500 607 36 36 636
tab 18: 1672 603 82 44 3351
tab 19: 1068 646 584 46 5154
tab 20: 1844 646 584 46 5154
tab 21: 2662 646 110 46 1192
tab 22: 2780 651 4 36 134
