tab 01: 2738 78 50 44 2105
tab 02: 156 196 128 44 5334
tab 03: 409 199 257 39 438
tab 04: 753 199 117 39 298
tab 05: 112 282 208 44 8775
tab 06: 173 327 137 39 182
tab 07: 24 404 116 44 4677
tab 08: 202 480 128 44 1064
tab 09: 338 480 138 44 5686
tab 10: 484 480 124 44 5111
tab 11: 616 480 108 44 4495
tab 12: 73 527 577 39 622
tab 13: 662 525 50 44 2055
tab 14: 28 568 288 44 11470
tab 15: 42 642 16 16 84
tab 16: 131 673 577 39 622
tab 17: none
tab 18: 2738 78 50 44 2105
tab 19: 156 196 128 44 5334
tab 20: 409 199 257 39 438
tab 21: 753 199 117 39 162
tab 22: 112 282 208 44 8775
tab 23: 173 327 137 39 318
tab 24: 24 404 116 44 4677
