# times: ms relative to commit (click at 1005.0, commit at 2212.8 ms app time); baseline = last frame before the first click
# baseline f006_n00021.ppm; image 1760x1040 px, ppp 2.0; band 8.0 pt; regions in points (x0,y0,x1,y1)
# src_face: (107.0, 166.0, 239.0, 200.0)
# hdr_face: (9.0, 9.0, 871.0, 47.0)
# A_face_above_key: (21.0, 77.0, 253.0, 156.0)
# A_face_below_key: (21.0, 211.0, 253.0, 473.0)
# B_face: (287.0, 77.0, 859.0, 473.0)
# gutter: (262.0, 68.0, 278.0, 482.0); footer y >= 494.0 excluded (dynamic status text)
# columns: changed pixels (any channel differs from baseline) per class; gutter_y = y-range (pt) of changed gutter pixels
t_ms	src_face	hdr_face	A_face_above_key	A_face_below_key	B_face	gutter	bands	elsewhere	gutter_y
-1261	0	0	0	0	0	0	0	0	-
-1253	0	0	0	0	0	0	0	0	-
-1243	0	0	0	0	0	0	0	0	-
-1233	0	0	0	0	0	0	0	0	-
-1225	0	0	0	0	0	0	0	0	-
-1216	0	0	0	0	0	0	0	0	-
-1208	0	0	0	0	0	0	3762	0	-
-1200	0	0	0	0	0	0	4038	0	-
-1191	0	0	0	0	0	0	4147	0	-
-1183	0	0	0	0	0	0	4323	0	-
-1174	0	0	0	0	0	0	4771	0	-
-1166	0	0	0	0	0	0	4710	0	-
-1159	0	0	0	0	0	0	4934	0	-
-1144	0	0	0	0	0	0	5704	0	-
-1136	0	0	0	0	0	0	5629	0	-
-1129	0	0	0	0	0	0	5969	0	-
-1123	0	0	0	0	0	0	6424	0	-
-1116	0	0	0	0	0	0	6647	0	-
-1107	0	0	0	0	0	0	6701	0	-
-1100	0	0	0	0	0	0	7532	0	-
-1091	0	0	0	0	0	0	7455	0	-
-1083	0	0	0	0	0	0	7509	0	-
-1075	0	0	0	0	0	0	8007	0	-
-1067	0	0	0	0	0	0	8040	0	-
-1053	0	0	0	0	0	0	8072	0	-
-1044	0	0	0	0	0	0	8209	0	-
-1039	0	0	0	0	0	0	8239	0	-
-1033	0	0	0	0	0	0	8231	0	-
-1024	0	0	0	0	0	0	8314	0	-
-1016	0	0	0	0	0	0	8337	0	-
-1008	0	0	0	0	0	0	8337	0	-
-1000	0	0	0	0	0	0	8337	0	-
-992	0	0	0	0	0	0	8337	0	-
-978	0	0	0	0	0	0	8337	0	-
-969	0	0	0	0	0	0	8337	0	-
-963	0	0	0	0	0	0	8337	0	-
-957	0	0	0	0	0	0	8337	0	-
-950	0	0	0	0	0	0	8337	0	-
-941	0	0	0	0	0	0	8337	0	-
-933	0	0	0	0	0	0	3762	0	-
-919	0	0	0	0	0	0	4129	0	-
-911	0	0	0	0	0	0	4216	0	-
-905	0	0	0	0	0	0	4268	0	-
-899	0	0	0	0	0	0	4734	0	-
-892	0	0	0	0	0	0	4710	0	-
-878	0	0	0	0	0	0	5406	0	-
-869	0	0	0	0	0	0	5709	0	-
-862	0	0	0	0	0	0	5646	0	-
-856	0	0	0	0	0	0	5932	0	-
-850	0	0	0	0	0	0	6399	0	-
-841	0	0	0	0	0	0	6649	0	-
-833	0	0	0	0	0	0	6710	0	-
-825	0	0	0	0	0	0	7511	0	-
-811	0	0	0	0	0	0	7438	0	-
-803	0	0	0	0	0	0	7933	0	-
-796	0	0	0	0	0	0	7996	0	-
-790	0	0	0	0	0	0	8002	0	-
-783	0	0	0	0	0	0	8047	0	-
-774	0	0	0	0	0	0	8186	0	-
-767	0	0	0	0	0	0	8181	0	-
-758	0	0	0	0	0	0	8290	0	-
-749	0	0	0	0	0	0	8286	0	-
-742	0	0	0	0	0	0	8337	0	-
-733	0	0	0	0	0	0	8337	0	-
-725	0	0	0	0	0	0	8337	0	-
-717	0	0	0	0	0	0	8337	0	-
-703	0	0	0	0	0	0	8337	0	-
-694	0	0	0	0	0	0	8337	0	-
-687	0	0	0	0	0	0	8337	0	-
-681	0	0	0	0	0	0	8337	0	-
-674	0	0	0	0	0	0	8337	0	-
-667	0	0	0	0	0	0	8337	0	-
-658	0	0	0	0	0	0	8337	0	-
-650	0	0	0	0	0	0	8337	0	-
-636	0	0	0	0	0	0	8337	0	-
-628	0	0	0	0	0	0	8337	0	-
-620	0	0	0	0	0	0	8337	0	-
-614	0	0	0	0	0	0	8337	0	-
-607	0	0	0	0	0	0	3762	0	-
-600	0	0	0	0	0	0	4038	0	-
-592	0	0	0	0	0	0	4129	0	-
-583	0	0	0	0	0	0	4216	0	-
-575	0	0	0	0	0	0	4765	0	-
-567	0	0	0	0	0	0	4854	0	-
-558	0	0	0	0	0	0	4931	0	-
-550	0	0	0	0	0	0	5401	0	-
-541	0	0	0	0	0	0	5765	0	-
-534	0	0	0	0	0	0	5517	0	-
-519	0	0	0	0	0	0	6447	0	-
-511	0	0	0	0	0	0	6720	0	-
-504	0	0	0	0	0	0	6780	0	-
-498	0	0	0	0	0	0	7538	0	-
-489	0	0	0	0	0	0	7456	0	-
-482	0	0	0	0	0	0	7512	0	-
-473	0	0	0	0	0	0	8008	0	-
-467	0	0	0	0	0	0	8039	0	-
-458	0	0	0	0	0	0	8018	0	-
-450	0	0	0	0	0	0	8152	0	-
-442	0	0	0	0	0	0	8210	0	-
-433	0	0	0	0	0	0	8228	0	-
-425	0	0	0	0	0	0	8312	0	-
-417	0	0	0	0	0	0	8337	0	-
-403	0	0	0	0	0	0	8337	0	-
-394	0	0	0	0	0	0	8337	0	-
-388	0	0	0	0	0	0	8337	0	-
-382	0	0	0	0	0	0	8337	0	-
-375	0	0	0	0	0	0	8337	0	-
-361	0	0	0	0	0	0	8337	0	-
-353	0	0	0	0	0	0	8337	0	-
-346	0	0	0	0	0	0	8337	0	-
-340	0	0	0	0	0	0	8337	0	-
-333	0	0	0	0	0	0	8337	0	-
-325	0	0	0	0	0	0	8337	0	-
-311	0	0	0	0	0	0	8337	0	-
-303	0	0	0	0	0	0	8337	0	-
-296	0	0	0	0	0	0	8337	0	-
-290	0	0	0	0	0	0	8337	0	-
-283	0	0	0	0	0	0	8337	0	-
-275	0	0	0	0	0	0	8337	0	-
-261	0	0	0	0	0	0	8337	0	-
-253	0	0	0	0	0	0	8337	0	-
-246	0	0	0	0	0	0	8337	0	-
-239	0	0	0	0	0	0	8337	0	-
-233	0	0	0	0	0	0	8337	0	-
-225	0	0	0	0	0	0	8337	0	-
-217	0	0	0	0	0	0	8337	0	-
-208	0	0	0	0	0	0	8337	0	-
-200	0	0	0	0	0	0	8337	0	-
-192	0	0	0	0	0	0	8337	0	-
-183	0	0	0	0	0	0	8337	0	-
-175	0	0	0	0	0	0	8337	0	-
-167	0	0	0	0	0	0	8337	0	-
-158	0	0	0	0	0	0	8337	0	-
-150	0	0	0	0	0	0	8337	0	-
-142	0	0	0	0	0	0	8337	0	-
-133	0	0	0	0	0	0	8337	0	-
-125	0	0	0	0	0	0	8337	0	-
-117	0	0	0	0	0	0	8337	0	-
-108	0	0	0	0	0	0	8337	0	-
-100	0	0	0	0	0	0	8337	0	-
-92	0	0	0	0	0	0	8337	0	-
-83	0	0	0	0	0	0	8337	0	-
-75	0	0	0	0	0	0	8337	0	-
-66	0	0	0	0	0	0	8337	0	-
-58	0	0	0	0	0	0	8337	0	-
-50	0	0	0	0	0	0	8337	0	-
-42	0	0	0	0	0	0	8337	0	-
-33	0	0	0	0	0	0	8337	0	-
-25	0	0	0	0	0	0	8337	0	-
-17	0	0	0	0	0	0	8337	0	-
-8	0	0	0	0	0	0	8337	0	-
0	0	0	0	0	0	0	53888	0	-
8	0	0	0	0	0	224	54255	0	181.2-184.8
17	0	0	0	0	0	224	54766	0	181.2-184.8
25	0	0	0	0	0	224	55248	0	181.2-184.8
34	0	0	0	0	0	224	56162	0	181.2-184.8
42	0	0	0	0	0	224	56637	0	181.2-184.8
50	0	0	0	0	0	224	58433	0	181.2-184.8
58	0	0	0	0	0	224	59209	0	181.2-184.8
67	0	0	0	0	0	224	61569	0	181.2-184.8
75	0	0	0	0	0	224	64657	0	181.2-184.8
83	0	0	0	0	0	224	67580	0	181.2-184.8
91	0	0	0	0	0	224	73270	0	181.2-184.8
100	0	0	0	0	0	224	77085	0	181.2-184.8
108	0	0	0	0	0	224	83853	0	181.2-184.8
117	0	0	0	0	0	224	90114	0	181.2-184.8
125	0	0	0	0	0	224	95164	0	181.2-184.8
133	0	0	0	0	0	224	101055	0	181.2-184.8
142	0	0	0	0	0	224	108303	0	181.2-184.8
150	0	0	0	0	0	224	112086	0	181.2-184.8
164	0	0	0	0	0	224	121652	0	181.2-184.8
172	0	0	0	0	0	224	126866	0	181.2-184.8
179	0	0	0	0	0	224	129671	0	181.2-184.8
186	0	0	0	0	0	224	133844	0	181.2-184.8
192	0	0	0	0	0	224	138130	0	181.2-184.8
200	0	0	0	0	0	224	139153	0	181.2-184.8
208	0	0	0	0	0	224	141897	0	181.2-184.8
217	0	0	0	0	0	224	143622	0	181.2-184.8
225	0	0	0	0	0	224	142170	0	181.2-184.8
233	0	0	0	0	0	224	143611	0	181.2-184.8
242	0	0	0	0	0	224	142592	0	181.2-184.8
250	0	0	0	0	0	224	144008	0	181.2-184.8
258	0	0	0	0	0	224	145747	0	181.2-184.8
267	0	0	0	0	0	224	145933	0	181.2-184.8
275	0	0	0	0	0	224	145947	0	181.2-184.8
283	0	0	0	0	0	224	146815	0	181.2-184.8
292	0	0	0	0	0	224	146474	0	181.2-184.8
300	0	0	0	0	0	224	145461	0	181.2-184.8
308	0	0	0	0	0	224	145300	0	181.2-184.8
317	0	0	0	0	0	224	143681	0	181.2-184.8
325	0	0	0	0	0	224	144000	0	181.2-184.8
333	0	0	0	0	0	224	144244	0	181.2-184.8
342	0	0	0	0	0	224	141763	0	181.2-184.8
350	0	0	0	0	0	224	141496	0	181.2-184.8
358	0	0	0	0	0	224	141314	0	181.2-184.8
374	0	0	0	0	0	224	138207	0	181.2-184.8
381	0	0	0	0	0	224	137575	0	181.2-184.8
388	0	0	0	0	0	224	136865	0	181.2-184.8
394	0	0	0	0	0	224	137327	0	181.2-184.8
401	0	0	0	0	0	224	137292	0	181.2-184.8
408	0	0	0	0	0	224	137680	0	181.2-184.8
416	0	0	0	0	0	224	138564	0	181.2-184.8
425	0	0	0	0	0	224	138688	0	181.2-184.8
433	0	0	0	0	0	224	136761	0	181.2-184.8
442	0	0	0	0	0	224	137454	0	181.2-184.8
456	0	0	0	0	0	224	137746	0	181.2-184.8
464	0	0	0	0	0	224	141275	0	181.2-184.8
471	0	0	0	0	0	224	141688	0	181.2-184.8
478	0	0	0	0	0	224	141818	0	181.2-184.8
484	0	0	0	0	0	224	141918	0	181.2-184.8
492	0	0	0	0	0	224	146201	0	181.2-184.8
500	0	0	0	0	0	224	146159	0	181.2-184.8
508	0	0	0	0	0	224	145717	0	181.2-184.8
516	0	0	0	0	0	224	145680	0	181.2-184.8
531	0	0	0	0	0	224	145799	0	181.2-184.8
539	0	0	0	0	0	224	145799	0	181.2-184.8
546	0	0	0	0	0	224	145799	0	181.2-184.8
552	0	0	0	0	0	224	145799	0	181.2-184.8
561	0	0	0	0	0	224	145799	0	181.2-184.8
569	0	0	0	0	0	224	145799	0	181.2-184.8
577	0	0	0	0	0	224	145799	0	181.2-184.8
584	0	0	0	0	0	224	145799	0	181.2-184.8
592	0	0	0	0	0	224	145799	0	181.2-184.8
608	0	0	0	0	0	224	145799	0	181.2-184.8
631	0	0	0	0	0	224	145799	0	181.2-184.8
648	0	0	0	0	0	224	145799	0	181.2-184.8
658	0	0	0	0	0	224	145799	0	181.2-184.8
667	0	0	0	0	0	224	145799	0	181.2-184.8
712	0	0	0	0	0	224	145799	0	181.2-184.8
719	0	0	0	0	0	224	145799	0	181.2-184.8
726	0	0	0	0	0	224	145799	0	181.2-184.8
733	0	0	0	0	0	224	145799	0	181.2-184.8
742	0	0	0	0	0	224	145799	0	181.2-184.8
750	0	0	0	0	0	224	145799	0	181.2-184.8
759	0	0	0	0	0	224	145799	0	181.2-184.8
767	0	0	0	0	0	224	145799	0	181.2-184.8
775	0	0	0	0	0	224	145799	0	181.2-184.8
783	0	0	0	0	0	224	145799	0	181.2-184.8
792	0	0	0	0	0	224	145799	0	181.2-184.8
800	0	0	0	0	0	224	145799	0	181.2-184.8
808	0	0	0	0	0	224	146041	0	181.2-184.8
817	0	0	0	0	0	224	146581	0	181.2-184.8
825	0	0	0	0	0	224	146629	0	181.2-184.8
833	0	0	0	0	0	224	146698	0	181.2-184.8
842	0	0	0	0	0	224	146698	0	181.2-184.8
850	0	0	0	0	0	224	145667	0	181.2-184.8
858	0	0	0	0	0	224	145669	0	181.2-184.8
867	0	0	0	0	0	224	146924	0	181.2-184.8
875	0	0	0	0	0	224	144740	0	181.2-184.8
883	0	0	0	0	0	224	144735	0	181.2-184.8
892	0	0	0	0	0	224	143847	0	181.2-184.8
900	0	0	0	0	0	224	144463	0	181.2-184.8
908	0	0	0	0	0	224	144472	0	181.2-184.8
917	0	0	0	0	0	224	145076	0	181.2-184.8
925	0	0	0	0	0	224	146378	0	181.2-184.8
933	0	0	0	0	0	224	146370	0	181.2-184.8
942	0	0	0	0	0	224	147827	0	181.2-184.8
950	0	0	0	0	0	224	147757	0	181.2-184.8
958	0	0	0	0	0	224	147757	0	181.2-184.8
967	0	0	0	0	0	224	147650	0	181.2-184.8
976	0	0	0	0	0	224	146262	0	181.2-184.8
983	0	0	0	0	0	224	146291	0	181.2-184.8
992	0	0	0	0	0	224	146612	0	181.2-184.8
1000	0	0	0	0	0	224	146676	0	181.2-184.8
1008	0	0	0	0	0	224	146528	0	181.2-184.8
1022	0	0	0	0	0	224	147047	0	181.2-184.8
1031	0	0	0	0	0	224	147051	0	181.2-184.8
1037	0	0	0	0	0	224	146343	0	181.2-184.8
1044	0	0	0	0	0	224	146339	0	181.2-184.8
1051	0	0	0	0	0	224	146340	0	181.2-184.8
1058	0	0	0	0	0	224	146371	0	181.2-184.8
1073	0	0	0	0	0	224	146468	0	181.2-184.8
1081	0	0	0	0	0	224	146502	0	181.2-184.8
1087	0	0	0	0	0	224	145774	0	181.2-184.8
1094	0	0	0	0	0	224	140903	0	181.2-184.8
1101	0	0	0	0	0	224	140894	0	181.2-184.8
1108	0	0	0	0	0	224	137187	0	181.2-184.8
1117	0	0	0	0	0	224	137186	0	181.2-184.8
1125	0	0	0	0	0	224	134517	0	181.2-184.8
1139	0	0	0	0	0	224	134517	0	181.2-184.8
1147	0	0	0	0	0	224	134517	0	181.2-184.8
1154	0	0	0	0	0	224	134517	0	181.2-184.8
1162	0	0	0	0	0	224	103904	0	181.2-184.8
1169	0	0	0	0	0	224	103904	0	181.2-184.8
1177	0	0	0	0	0	224	103904	0	181.2-184.8
1184	0	0	0	0	0	224	103904	0	181.2-184.8
1192	0	0	0	0	0	224	103904	0	181.2-184.8
