# times: ms relative to commit (click at 1004.0, commit at 1610.0 ms app time); baseline = last frame before the first click
# baseline f005_n00020.ppm; image 1760x1040 px, ppp 2.0; band 8.0 pt; regions in points (x0,y0,x1,y1)
# src_face: (107.0, 166.0, 239.0, 200.0)
# hdr_face: (9.0, 9.0, 871.0, 47.0)
# A_face_above_key: (21.0, 77.0, 253.0, 156.0)
# A_face_below_key: (21.0, 211.0, 253.0, 473.0)
# B_face: (287.0, 77.0, 859.0, 473.0)
# gutter: (262.0, 68.0, 278.0, 482.0); footer y >= 494.0 excluded (dynamic status text)
# columns: changed pixels (any channel differs from baseline) per class; gutter_y = y-range (pt) of changed gutter pixels
t_ms	src_face	hdr_face	A_face_above_key	A_face_below_key	B_face	gutter	bands	elsewhere	gutter_y
-655	0	0	0	0	0	0	0	0	-
-646	0	0	0	0	0	0	0	0	-
-635	0	0	0	0	0	0	0	0	-
-623	0	0	0	0	0	0	0	0	-
-615	0	0	0	0	0	0	0	0	-
-606	0	0	0	0	0	0	8337	0	-
-598	0	0	0	0	0	0	8337	0	-
-590	0	0	0	0	0	0	8337	0	-
-583	0	0	0	0	0	0	8337	0	-
-575	0	0	0	0	0	0	8337	0	-
-563	0	0	0	0	0	0	8337	0	-
-556	0	0	0	0	0	0	8337	0	-
-549	0	0	0	0	0	0	8337	0	-
-541	0	0	0	0	0	0	8337	0	-
-533	0	0	0	0	0	0	8337	0	-
-520	0	0	0	0	0	0	8337	0	-
-514	0	0	0	0	0	0	8337	0	-
-507	0	0	0	0	0	0	8337	0	-
-500	0	0	0	0	0	0	8337	0	-
-491	0	0	0	0	0	0	8337	0	-
-483	0	0	0	0	0	0	8337	0	-
-475	0	0	0	0	0	0	8337	0	-
-466	0	0	0	0	0	0	8337	0	-
-458	0	0	0	0	0	0	8337	0	-
-450	0	0	0	0	0	0	8337	0	-
-441	0	0	0	0	0	0	8337	0	-
-433	0	0	0	0	0	0	8337	0	-
-425	0	0	0	0	0	0	8337	0	-
-417	0	0	0	0	0	0	8337	0	-
-408	0	0	0	0	0	0	8337	0	-
-400	0	0	0	0	0	0	8337	0	-
-386	0	0	0	0	0	0	8337	0	-
-378	0	0	0	0	0	0	8337	0	-
-371	0	0	0	0	0	0	8337	0	-
-362	0	0	0	0	0	0	8337	0	-
-354	0	0	0	0	0	0	8337	0	-
-347	0	0	0	0	0	0	8337	0	-
-340	0	0	0	0	0	0	8337	0	-
-331	0	0	0	0	0	0	8337	0	-
-324	0	0	0	0	0	0	8337	0	-
-317	0	0	0	0	0	0	8337	0	-
-309	0	0	0	0	0	0	8337	0	-
-300	0	0	0	0	0	0	8337	0	-
-286	0	0	0	0	0	0	8337	0	-
-278	0	0	0	0	0	0	8337	0	-
-271	0	0	0	0	0	0	8337	0	-
-264	0	0	0	0	0	0	8337	0	-
-256	0	0	0	0	0	0	8337	0	-
-250	0	0	0	0	0	0	8337	0	-
-241	0	0	0	0	0	0	8337	0	-
-233	0	0	0	0	0	0	8337	0	-
-225	0	0	0	0	0	0	8337	0	-
-217	0	0	0	0	0	0	8337	0	-
-206	0	0	0	0	0	0	8337	0	-
-198	0	0	0	0	0	0	8337	0	-
-191	0	0	0	0	0	0	8337	0	-
-181	0	0	0	0	0	0	8337	0	-
-173	0	0	0	0	0	0	8337	0	-
-166	0	0	0	0	0	0	8337	0	-
-156	0	0	0	0	0	0	8337	0	-
-134	0	0	0	0	0	0	8337	0	-
-119	0	0	0	0	0	0	8337	0	-
-111	0	0	0	0	0	0	8337	0	-
-102	0	0	0	0	0	0	8337	0	-
-92	0	0	0	0	0	0	8337	0	-
-77	0	0	0	0	0	0	8337	0	-
-69	0	0	0	0	0	0	8337	0	-
-62	0	0	0	0	0	0	8337	0	-
-55	0	0	0	0	0	0	8337	0	-
-48	0	0	0	0	0	0	8337	0	-
-41	0	0	0	0	0	0	8337	0	-
-34	0	0	0	0	0	0	8337	0	-
-25	0	0	0	0	0	0	8337	0	-
-16	0	0	0	0	0	0	8337	0	-
-8	0	0	0	0	0	0	8337	0	-
0	0	0	0	0	0	224	134517	0	181.2-184.8
8	0	0	0	0	0	224	134517	0	181.2-184.8
17	0	0	0	0	0	224	134517	0	181.2-184.8
26	0	0	0	0	0	224	134517	0	181.2-184.8
34	0	0	0	0	0	224	134517	0	181.2-184.8
42	0	0	0	0	0	224	134517	0	181.2-184.8
50	0	0	0	0	0	224	134517	0	181.2-184.8
58	0	0	0	0	0	224	134517	0	181.2-184.8
67	0	0	0	0	0	224	134517	0	181.2-184.8
76	0	0	0	0	0	224	134517	0	181.2-184.8
85	0	0	0	0	0	224	134517	0	181.2-184.8
93	0	0	0	0	0	224	134517	0	181.2-184.8
101	0	0	0	0	0	224	134517	0	181.2-184.8
110	0	0	0	0	0	224	134517	0	181.2-184.8
122	0	0	0	0	0	224	134517	0	181.2-184.8
135	0	0	0	0	0	224	134517	0	181.2-184.8
144	0	0	0	0	0	224	134517	0	181.2-184.8
153	0	0	0	0	0	224	134517	0	181.2-184.8
161	0	0	0	0	0	224	134517	0	181.2-184.8
170	0	0	0	0	0	224	134517	0	181.2-184.8
179	0	0	0	0	0	224	134517	0	181.2-184.8
187	0	0	0	0	0	224	134517	0	181.2-184.8
196	0	0	0	0	0	224	134517	0	181.2-184.8
204	0	0	0	0	0	224	134517	0	181.2-184.8
216	0	0	0	0	0	224	134517	0	181.2-184.8
225	0	0	0	0	0	224	134517	0	181.2-184.8
234	0	0	0	0	0	224	134517	0	181.2-184.8
243	0	0	0	0	0	224	134517	0	181.2-184.8
252	0	0	0	0	0	224	134517	0	181.2-184.8
261	0	0	0	0	0	224	134517	0	181.2-184.8
302	0	0	0	0	0	224	134517	0	181.2-184.8
313	0	0	0	0	0	224	134517	0	181.2-184.8
324	0	0	0	0	0	224	134517	0	181.2-184.8
334	0	0	0	0	0	224	134517	0	181.2-184.8
342	0	0	0	0	0	224	134517	0	181.2-184.8
352	0	0	0	0	0	224	134517	0	181.2-184.8
365	0	0	0	0	0	224	134517	0	181.2-184.8
375	0	0	0	0	0	224	134517	0	181.2-184.8
386	0	0	0	0	0	224	134517	0	181.2-184.8
394	0	0	0	0	0	224	134517	0	181.2-184.8
402	0	0	0	0	0	224	134517	0	181.2-184.8
410	0	0	0	0	0	224	134517	0	181.2-184.8
417	0	0	0	0	0	224	134517	0	181.2-184.8
425	0	0	0	0	0	224	134517	0	181.2-184.8
433	0	0	0	0	0	224	134517	0	181.2-184.8
441	0	0	0	0	0	224	134517	0	181.2-184.8
450	0	0	0	0	0	224	134517	0	181.2-184.8
458	0	0	0	0	0	224	134517	0	181.2-184.8
467	0	0	0	0	0	224	134517	0	181.2-184.8
475	0	0	0	0	0	224	134517	0	181.2-184.8
483	0	0	0	0	0	224	134517	0	181.2-184.8
492	0	0	0	0	0	224	134517	0	181.2-184.8
500	0	0	0	0	0	224	134517	0	181.2-184.8
508	0	0	0	0	0	224	134517	0	181.2-184.8
516	0	0	0	0	0	224	134517	0	181.2-184.8
525	0	0	0	0	0	224	134517	0	181.2-184.8
533	0	0	0	0	0	224	134517	0	181.2-184.8
542	0	0	0	0	0	224	134517	0	181.2-184.8
550	0	0	0	0	0	224	134517	0	181.2-184.8
563	0	0	0	0	0	224	134517	0	181.2-184.8
574	0	0	0	0	0	224	134517	0	181.2-184.8
583	0	0	0	0	0	224	134517	0	181.2-184.8
594	0	0	0	0	0	224	134517	0	181.2-184.8
602	0	0	0	0	0	224	134517	0	181.2-184.8
610	0	0	0	0	0	224	134517	0	181.2-184.8
618	0	0	0	0	0	224	134517	0	181.2-184.8
632	0	0	0	0	0	224	134517	0	181.2-184.8
656	0	0	0	0	0	224	134517	0	181.2-184.8
673	0	0	0	0	0	224	134517	0	181.2-184.8
698	0	0	0	0	0	224	134517	0	181.2-184.8
714	0	0	0	0	0	224	134517	0	181.2-184.8
722	0	0	0	0	0	224	134517	0	181.2-184.8
731	0	0	0	0	0	224	134517	0	181.2-184.8
739	0	0	0	0	0	224	134517	0	181.2-184.8
748	0	0	0	0	0	224	134517	0	181.2-184.8
758	0	0	0	0	0	224	134517	0	181.2-184.8
767	0	0	0	0	0	224	134517	0	181.2-184.8
775	0	0	0	0	0	224	134517	0	181.2-184.8
783	0	0	0	0	0	224	134517	0	181.2-184.8
791	0	0	0	0	0	224	134517	0	181.2-184.8
800	0	0	0	0	0	224	134517	0	181.2-184.8
808	0	0	0	0	0	224	134517	0	181.2-184.8
817	0	0	0	0	0	224	134517	0	181.2-184.8
825	0	0	0	0	0	224	134517	0	181.2-184.8
834	0	0	0	0	0	224	134517	0	181.2-184.8
842	0	0	0	0	0	224	134517	0	181.2-184.8
850	0	0	0	0	0	224	134517	0	181.2-184.8
861	0	0	0	0	0	224	134517	0	181.2-184.8
870	0	0	0	0	0	224	134517	0	181.2-184.8
878	0	0	0	0	0	224	134517	0	181.2-184.8
886	0	0	0	0	0	224	134517	0	181.2-184.8
894	0	0	0	0	0	224	134517	0	181.2-184.8
904	0	0	0	0	0	224	134517	0	181.2-184.8
913	0	0	0	0	0	224	134517	0	181.2-184.8
922	0	0	0	0	0	224	134517	0	181.2-184.8
930	0	0	0	0	0	224	134517	0	181.2-184.8
939	0	0	0	0	0	224	134517	0	181.2-184.8
947	0	0	0	0	0	224	134517	0	181.2-184.8
955	0	0	0	0	0	224	134517	0	181.2-184.8
964	0	0	0	0	0	224	134517	0	181.2-184.8
973	0	0	0	0	0	224	134517	0	181.2-184.8
984	0	0	0	0	0	224	134517	0	181.2-184.8
992	0	0	0	0	0	224	134517	0	181.2-184.8
1000	0	0	0	0	0	224	134517	0	181.2-184.8
1009	0	0	0	0	0	224	134517	0	181.2-184.8
1023	0	0	0	0	0	224	134517	0	181.2-184.8
1033	0	0	0	0	0	224	134517	0	181.2-184.8
1042	0	0	0	0	0	224	134517	0	181.2-184.8
1051	0	0	0	0	0	224	134517	0	181.2-184.8
1061	0	0	0	0	0	224	134517	0	181.2-184.8
1070	0	0	0	0	0	224	134517	0	181.2-184.8
1080	0	0	0	0	0	224	134517	0	181.2-184.8
1087	0	0	0	0	0	224	134517	0	181.2-184.8
1095	0	0	0	0	0	224	134517	0	181.2-184.8
1102	0	0	0	0	0	224	134517	0	181.2-184.8
1111	0	0	0	0	0	224	134517	0	181.2-184.8
1119	0	0	0	0	0	224	134517	0	181.2-184.8
1128	0	0	0	0	0	224	134517	0	181.2-184.8
1137	0	0	0	0	0	224	134517	0	181.2-184.8
1147	0	0	0	0	0	224	134517	0	181.2-184.8
1155	0	0	0	0	0	224	134517	0	181.2-184.8
1164	0	0	0	0	0	224	103904	0	181.2-184.8
1172	0	0	0	0	0	224	103904	0	181.2-184.8
1183	0	0	0	0	0	224	103904	0	181.2-184.8
1192	0	0	0	0	0	224	103904	0	181.2-184.8
1209	0	0	0	0	0	224	103904	0	181.2-184.8
1218	0	0	0	0	0	224	103904	0	181.2-184.8
1226	0	0	0	0	0	224	103904	0	181.2-184.8
1236	0	0	0	0	0	224	103904	0	181.2-184.8
1244	0	0	0	0	0	224	103904	0	181.2-184.8
1259	0	0	0	0	0	224	103904	0	181.2-184.8
1271	0	0	0	0	0	224	103904	0	181.2-184.8
1279	0	0	0	0	0	224	103904	0	181.2-184.8
1288	0	0	0	0	0	224	103904	0	181.2-184.8
1295	0	0	0	0	0	224	103904	0	181.2-184.8
1303	0	0	0	0	0	224	103904	0	181.2-184.8
1310	0	0	0	0	0	224	103904	0	181.2-184.8
1319	0	0	0	0	0	224	103904	0	181.2-184.8
1326	0	0	0	0	0	224	103904	0	181.2-184.8
1334	0	0	0	0	0	224	103904	0	181.2-184.8
1342	0	0	0	0	0	224	103904	0	181.2-184.8
1355	0	0	0	0	0	224	103904	0	181.2-184.8
1362	0	0	0	0	0	224	103904	0	181.2-184.8
1375	0	0	0	0	0	224	103904	0	181.2-184.8
1386	0	0	0	0	0	224	103904	0	181.2-184.8
1395	0	0	0	0	0	224	103904	0	181.2-184.8
