# times: ms relative to commit (click at 1001.0, commit at 1609.1 ms app time); baseline = last frame before the first click
# baseline f005_n00014.ppm; image 1760x1040 px, ppp 2.0; band 8.0 pt; regions in points (x0,y0,x1,y1)
# src_face: (107.0, 166.0, 239.0, 200.0)
# hdr_face: (9.0, 9.0, 871.0, 47.0)
# A_face_above_key: (21.0, 77.0, 253.0, 156.0)
# A_face_below_key: (21.0, 211.0, 253.0, 473.0)
# B_face: (287.0, 77.0, 859.0, 473.0)
# gutter: (262.0, 68.0, 278.0, 482.0); footer y >= 494.0 excluded (dynamic status text)
# columns: changed pixels (any channel differs from baseline) per class; gutter_y = y-range (pt) of changed gutter pixels
t_ms	src_face	hdr_face	A_face_above_key	A_face_below_key	B_face	gutter	bands	elsewhere	gutter_y
-658	0	0	0	0	0	0	0	0	-
-645	0	0	0	0	0	0	0	0	-
-635	0	0	0	0	0	0	0	0	-
-625	0	0	0	0	0	0	0	0	-
-616	0	0	0	0	0	0	0	0	-
-608	0	0	0	0	0	0	3762	0	-
-600	0	0	0	0	0	0	4038	0	-
-592	0	0	0	0	0	0	4150	0	-
-584	0	0	0	0	0	0	4216	0	-
-576	0	0	0	0	0	0	4765	0	-
-568	0	0	0	0	0	0	4854	0	-
-560	0	0	0	0	0	0	4931	0	-
-551	0	0	0	0	0	0	5401	0	-
-543	0	0	0	0	0	0	5765	0	-
-535	0	0	0	0	0	0	5636	0	-
-526	0	0	0	0	0	0	6274	0	-
-515	0	0	0	0	0	0	6649	0	-
-507	0	0	0	0	0	0	6745	0	-
-500	0	0	0	0	0	0	7538	0	-
-492	0	0	0	0	0	0	7455	0	-
-484	0	0	0	0	0	0	7540	0	-
-476	0	0	0	0	0	0	7998	0	-
-468	0	0	0	0	0	0	8039	0	-
-459	0	0	0	0	0	0	8053	0	-
-451	0	0	0	0	0	0	8152	0	-
-443	0	0	0	0	0	0	8210	0	-
-434	0	0	0	0	0	0	8228	0	-
-426	0	0	0	0	0	0	8312	0	-
-418	0	0	0	0	0	0	8337	0	-
-409	0	0	0	0	0	0	8337	0	-
-401	0	0	0	0	0	0	8337	0	-
-393	0	0	0	0	0	0	8337	0	-
-384	0	0	0	0	0	0	8337	0	-
-376	0	0	0	0	0	0	8337	0	-
-368	0	0	0	0	0	0	8337	0	-
-359	0	0	0	0	0	0	8337	0	-
-351	0	0	0	0	0	0	8337	0	-
-343	0	0	0	0	0	0	8337	0	-
-334	0	0	0	0	0	0	8337	0	-
-326	0	0	0	0	0	0	8337	0	-
-284	0	0	0	0	0	0	8337	0	-
-273	0	0	0	0	0	0	8337	0	-
-266	0	0	0	0	0	0	8337	0	-
-258	0	0	0	0	0	0	8337	0	-
-251	0	0	0	0	0	0	8337	0	-
-243	0	0	0	0	0	0	8337	0	-
-234	0	0	0	0	0	0	8337	0	-
-226	0	0	0	0	0	0	8337	0	-
-218	0	0	0	0	0	0	8337	0	-
-210	0	0	0	0	0	0	8337	0	-
-202	0	0	0	0	0	0	8337	0	-
-193	0	0	0	0	0	0	8337	0	-
-185	0	0	0	0	0	0	8337	0	-
-176	0	0	0	0	0	0	8337	0	-
-160	0	0	0	0	0	0	8337	0	-
-148	0	0	0	0	0	0	8337	0	-
-141	0	0	0	0	0	0	8337	0	-
-132	0	0	0	0	0	0	8337	0	-
-125	0	0	0	0	0	0	8337	0	-
-117	0	0	0	0	0	0	8337	0	-
-110	0	0	0	0	0	0	8337	0	-
-102	0	0	0	0	0	0	8337	0	-
-93	0	0	0	0	0	0	8337	0	-
-85	0	0	0	0	0	0	8337	0	-
-73	0	0	0	0	0	0	8337	0	-
-64	0	0	0	0	0	0	8337	0	-
-57	0	0	0	0	0	0	8337	0	-
-47	0	0	0	0	0	0	8337	0	-
-37	0	0	0	0	0	0	8337	0	-
-29	0	0	0	0	0	0	8337	0	-
-22	0	0	0	0	0	0	8337	0	-
-14	0	0	0	0	0	0	8337	0	-
-8	0	0	0	0	0	0	8337	0	-
0	0	0	0	0	0	0	53888	0	-
8	0	0	0	0	0	224	54273	0	181.2-184.8
16	0	0	0	0	0	224	54541	0	181.2-184.8
24	0	0	0	0	0	224	55242	0	181.2-184.8
32	0	0	0	0	0	224	55909	0	181.2-184.8
40	0	0	0	0	0	224	56336	0	181.2-184.8
49	0	0	0	0	0	224	58460	0	181.2-184.8
57	0	0	0	0	0	224	59034	0	181.2-184.8
66	0	0	0	0	0	224	61424	0	181.2-184.8
76	0	0	0	0	0	224	65611	0	181.2-184.8
85	0	0	0	0	0	224	69321	0	181.2-184.8
94	0	0	0	0	0	224	73937	0	181.2-184.8
107	0	0	0	0	0	224	83170	0	181.2-184.8
116	0	0	0	0	0	224	90025	0	181.2-184.8
125	0	0	0	0	0	224	94932	0	181.2-184.8
134	0	0	0	0	0	224	100560	0	181.2-184.8
144	0	0	0	0	0	224	107394	0	181.2-184.8
153	0	0	0	0	0	224	113006	0	181.2-184.8
162	0	0	0	0	0	224	120073	0	181.2-184.8
171	0	0	0	0	0	224	126345	0	181.2-184.8
179	0	0	0	0	0	224	129607	0	181.2-184.8
188	0	0	0	0	0	224	133137	0	181.2-184.8
197	0	0	0	0	0	224	138662	0	181.2-184.8
207	0	0	0	0	0	224	140233	0	181.2-184.8
216	0	0	0	0	0	224	143525	0	181.2-184.8
227	0	0	0	0	0	224	142605	0	181.2-184.8
238	0	0	0	0	0	224	141647	0	181.2-184.8
248	0	0	0	0	0	224	144717	0	181.2-184.8
257	0	0	0	0	0	224	146090	0	181.2-184.8
265	0	0	0	0	0	224	146759	0	181.2-184.8
275	0	0	0	0	0	224	145947	0	181.2-184.8
283	0	0	0	0	0	224	146913	0	181.2-184.8
292	0	0	0	0	0	224	146474	0	181.2-184.8
301	0	0	0	0	0	224	145256	0	181.2-184.8
309	0	0	0	0	0	224	145303	0	181.2-184.8
318	0	0	0	0	0	224	143652	0	181.2-184.8
326	0	0	0	0	0	224	144051	0	181.2-184.8
336	0	0	0	0	0	224	144283	0	181.2-184.8
346	0	0	0	0	0	224	141542	0	181.2-184.8
358	0	0	0	0	0	224	141314	0	181.2-184.8
374	0	0	0	0	0	224	138207	0	181.2-184.8
384	0	0	0	0	0	224	137564	0	181.2-184.8
393	0	93	0	0	0	224	103904	0	181.2-184.8
407	0	93	0	0	0	224	103904	0	181.2-184.8
417	0	93	0	0	0	224	103904	0	181.2-184.8
429	0	93	0	0	0	224	103904	0	181.2-184.8
438	0	93	0	0	0	224	103904	0	181.2-184.8
446	0	93	0	0	0	224	103904	0	181.2-184.8
455	0	93	0	0	0	224	103904	0	181.2-184.8
480	0	93	0	0	0	224	103904	0	181.2-184.8
496	0	93	0	0	0	224	103904	0	181.2-184.8
507	0	93	0	0	0	224	103904	0	181.2-184.8
515	0	93	0	0	0	224	103904	0	181.2-184.8
524	0	93	0	0	0	224	103904	0	181.2-184.8
538	0	93	0	0	0	224	103904	0	181.2-184.8
553	0	93	0	0	0	224	103904	0	181.2-184.8
561	0	93	0	0	0	224	103904	0	181.2-184.8
569	0	93	0	0	0	224	103904	0	181.2-184.8
578	0	93	0	0	0	224	103904	0	181.2-184.8
588	0	93	0	0	0	224	103904	0	181.2-184.8
598	0	93	0	0	0	224	103904	0	181.2-184.8
607	0	93	0	0	0	224	103904	0	181.2-184.8
616	0	93	0	0	0	224	103904	0	181.2-184.8
626	0	93	0	0	0	224	103904	0	181.2-184.8
642	0	93	0	0	0	224	103904	0	181.2-184.8
651	0	93	0	0	0	224	103904	0	181.2-184.8
660	0	93	0	0	0	224	103904	0	181.2-184.8
667	0	93	0	0	0	224	103904	0	181.2-184.8
676	0	93	0	0	0	224	103904	0	181.2-184.8
685	0	93	0	0	0	224	103904	0	181.2-184.8
693	0	0	0	0	0	224	103904	0	181.2-184.8
701	0	0	0	0	0	224	103904	0	181.2-184.8
709	0	0	0	0	0	224	103904	0	181.2-184.8
718	0	0	0	0	0	224	103904	0	181.2-184.8
726	0	0	0	0	0	224	103904	0	181.2-184.8
735	0	0	0	0	0	224	103904	0	181.2-184.8
742	0	0	0	0	0	224	103904	0	181.2-184.8
751	0	0	0	0	0	224	103904	0	181.2-184.8
760	0	0	0	0	0	224	103904	0	181.2-184.8
776	0	0	0	0	0	224	103904	0	181.2-184.8
784	0	0	0	0	0	224	103904	0	181.2-184.8
793	0	0	0	0	0	224	103904	0	181.2-184.8
801	0	0	0	0	0	224	103904	0	181.2-184.8
810	0	0	0	0	0	224	103904	0	181.2-184.8
820	0	0	0	0	0	224	103904	0	181.2-184.8
830	0	0	0	0	0	224	103904	0	181.2-184.8
841	0	0	0	0	0	224	103904	0	181.2-184.8
850	0	0	0	0	0	224	103904	0	181.2-184.8
860	0	0	0	0	0	224	103904	0	181.2-184.8
869	0	0	0	0	0	224	103904	0	181.2-184.8
894	0	0	0	0	0	224	103904	0	181.2-184.8
907	0	0	0	0	0	224	103904	0	181.2-184.8
921	0	0	0	0	0	224	103904	0	181.2-184.8
931	0	0	0	0	0	224	103904	0	181.2-184.8
941	0	0	0	0	0	224	103904	0	181.2-184.8
954	0	0	0	0	0	224	103904	0	181.2-184.8
964	0	0	0	0	0	224	103904	0	181.2-184.8
976	0	0	0	0	0	224	103904	0	181.2-184.8
1012	0	0	0	0	0	224	103904	0	181.2-184.8
1027	0	0	0	0	0	224	103904	0	181.2-184.8
1038	0	0	0	0	0	224	103904	0	181.2-184.8
1048	0	0	0	0	0	224	103904	0	181.2-184.8
1058	0	0	0	0	0	224	103904	0	181.2-184.8
1067	0	0	0	0	0	224	103904	0	181.2-184.8
1077	0	0	0	0	0	224	103904	0	181.2-184.8
1086	0	0	0	0	0	224	103904	0	181.2-184.8
1095	0	0	0	0	0	224	103904	0	181.2-184.8
1111	0	0	0	0	0	224	103904	0	181.2-184.8
1122	0	0	0	0	0	224	103904	0	181.2-184.8
1132	0	0	0	0	0	224	103904	0	181.2-184.8
1168	0	0	0	0	0	224	103904	0	181.2-184.8
1178	0	0	0	0	0	224	103904	0	181.2-184.8
1190	0	0	0	0	0	224	103904	0	181.2-184.8
1200	0	0	0	0	0	224	103904	0	181.2-184.8
1211	0	0	0	0	0	224	103904	0	181.2-184.8
1223	0	0	0	0	0	224	103904	0	181.2-184.8
1237	0	0	0	0	0	224	103904	0	181.2-184.8
1252	0	0	0	0	0	224	103904	0	181.2-184.8
1263	0	0	0	0	0	224	103904	0	181.2-184.8
1274	0	0	0	0	0	224	103904	0	181.2-184.8
1285	0	0	0	0	0	224	103904	0	181.2-184.8
1340	0	0	0	0	0	224	103904	0	181.2-184.8
1350	0	0	0	0	0	224	103904	0	181.2-184.8
1363	0	0	0	0	0	224	103904	0	181.2-184.8
1375	0	0	0	0	0	224	103904	0	181.2-184.8
1392	0	0	0	0	0	224	103904	0	181.2-184.8
1402	0	0	0	0	0	224	103904	0	181.2-184.8
1412	0	0	0	0	0	224	103904	0	181.2-184.8
1421	0	0	0	0	0	224	103904	0	181.2-184.8
1432	0	0	0	0	0	224	103904	0	181.2-184.8
1442	0	0	0	0	0	224	103904	0	181.2-184.8
1451	0	0	0	0	0	224	103904	0	181.2-184.8
1472	0	0	0	0	0	224	103904	0	181.2-184.8
1483	0	0	0	0	0	224	103904	0	181.2-184.8
1496	0	0	0	0	0	224	103904	0	181.2-184.8
1512	0	0	0	0	0	224	103904	0	181.2-184.8
1522	0	0	0	0	0	224	103904	0	181.2-184.8
1534	0	0	0	0	0	224	103904	0	181.2-184.8
1547	0	0	0	0	0	224	103904	0	181.2-184.8
1559	0	0	0	0	0	224	103904	0	181.2-184.8
1571	0	0	0	0	0	224	103904	0	181.2-184.8
1596	0	0	0	0	0	224	103904	0	181.2-184.8
1613	0	0	0	0	0	224	103904	0	181.2-184.8
1625	0	0	0	0	0	224	103904	0	181.2-184.8
1668	0	0	0	0	0	224	103904	0	181.2-184.8
1962	0	0	0	0	0	224	103904	0	181.2-184.8
2335	0	0	0	0	0	224	103904	0	181.2-184.8
2678	0	0	0	0	0	224	103904	0	181.2-184.8
2873	0	0	0	0	0	224	103904	0	181.2-184.8
