# times: ms relative to commit (click at 1004.7, commit at 1612.6 ms app time); baseline = last frame before the first click
# baseline f004_n00012.ppm; image 1760x1040 px, ppp 2.0; band 8.0 pt; regions in points (x0,y0,x1,y1)
# src_face: (107.0, 166.0, 239.0, 200.0)
# hdr_face: (9.0, 9.0, 871.0, 47.0)
# A_face_above_key: (21.0, 77.0, 253.0, 156.0)
# A_face_below_key: (21.0, 211.0, 253.0, 473.0)
# B_face: (287.0, 77.0, 859.0, 473.0)
# gutter: (262.0, 68.0, 278.0, 482.0); footer y >= 494.0 excluded (dynamic status text)
# columns: changed pixels (any channel differs from baseline) per class; gutter_y = y-range (pt) of changed gutter pixels
t_ms	src_face	hdr_face	A_face_above_key	A_face_below_key	B_face	gutter	bands	elsewhere	gutter_y
-660	0	0	0	0	0	0	0	0	-
-649	0	0	0	0	0	0	0	0	-
-633	0	0	0	0	0	0	0	0	-
-619	0	0	0	0	0	0	0	0	-
-608	0	0	0	0	0	0	3762	0	-
-598	0	0	0	0	0	0	3979	0	-
-590	0	0	0	0	0	0	4147	0	-
-583	0	0	0	0	0	0	4323	0	-
-573	0	0	0	0	0	0	4734	0	-
-564	0	0	0	0	0	0	4793	0	-
-556	0	0	0	0	0	0	5026	0	-
-548	0	0	0	0	0	0	5676	0	-
-539	0	0	0	0	0	0	5626	0	-
-532	0	0	0	0	0	0	5887	0	-
-524	0	0	0	0	0	0	6400	0	-
-516	0	0	0	0	0	0	6646	0	-
-508	0	0	0	0	0	0	6729	0	-
-500	0	0	0	0	0	0	7532	0	-
-491	0	0	0	0	0	0	7455	0	-
-483	0	0	0	0	0	0	7508	0	-
-474	0	0	0	0	0	0	8011	0	-
-466	0	0	0	0	0	0	8041	0	-
-458	0	0	0	0	0	0	8052	0	-
-450	0	0	0	0	0	0	8183	0	-
-441	0	0	0	0	0	0	8181	0	-
-433	0	0	0	0	0	0	8229	0	-
-424	0	0	0	0	0	0	8314	0	-
-416	0	0	0	0	0	0	8337	0	-
-408	0	0	0	0	0	0	8337	0	-
-399	0	0	0	0	0	0	8337	0	-
-392	0	0	0	0	0	0	8337	0	-
-383	0	0	0	0	0	0	8337	0	-
-375	0	0	0	0	0	0	8337	0	-
-366	0	0	0	0	0	0	8337	0	-
-354	0	0	0	0	0	0	8337	0	-
-347	0	0	0	0	0	0	8337	0	-
-340	0	0	0	0	0	0	8337	0	-
-333	0	0	0	0	0	0	8337	0	-
-324	0	0	0	0	0	0	8337	0	-
-316	0	0	0	0	0	0	8337	0	-
-308	0	0	0	0	0	0	8337	0	-
-299	0	0	0	0	0	0	8337	0	-
-291	0	0	0	0	0	0	8337	0	-
-283	0	0	0	0	0	0	8337	0	-
-275	0	0	0	0	0	0	8337	0	-
-266	0	0	0	0	0	0	8337	0	-
-258	0	0	0	0	0	0	8337	0	-
-250	0	0	0	0	0	0	8337	0	-
-242	0	0	0	0	0	0	8337	0	-
-233	0	0	0	0	0	0	8337	0	-
-225	0	0	0	0	0	0	8337	0	-
-217	0	0	0	0	0	0	8337	0	-
-208	0	0	0	0	0	0	8337	0	-
-200	0	0	0	0	0	0	8337	0	-
-192	0	0	0	0	0	0	8337	0	-
-183	0	0	0	0	0	0	8337	0	-
-175	0	0	0	0	0	0	8337	0	-
-167	0	0	0	0	0	0	8337	0	-
-158	0	0	0	0	0	0	8337	0	-
-150	0	0	0	0	0	0	8337	0	-
-136	0	0	0	0	0	0	8337	0	-
-128	0	0	0	0	0	0	8337	0	-
-121	0	0	0	0	0	0	8337	0	-
-114	0	0	0	0	0	0	8337	0	-
-107	0	0	0	0	0	0	8337	0	-
-100	0	0	0	0	0	0	8337	0	-
-92	0	0	0	0	0	0	8337	0	-
-83	0	0	0	0	0	0	8337	0	-
-75	0	0	0	0	0	0	8337	0	-
-67	0	0	0	0	0	0	8337	0	-
-58	0	0	0	0	0	0	8337	0	-
-50	0	0	0	0	0	0	8337	0	-
-42	0	0	0	0	0	0	8337	0	-
-28	0	0	0	0	0	0	8337	0	-
-19	0	0	0	0	0	0	8337	0	-
-13	0	0	0	0	0	0	8337	0	-
-7	0	0	0	0	0	0	8337	0	-
0	0	0	0	0	0	0	53888	0	-
14	0	0	0	0	0	224	54367	0	181.2-184.8
23	0	0	0	0	0	224	55300	0	181.2-184.8
28	0	0	0	0	0	224	55548	0	181.2-184.8
35	0	0	0	0	0	224	56135	0	181.2-184.8
42	0	0	0	0	0	224	56527	0	181.2-184.8
50	0	0	0	0	0	224	58432	0	181.2-184.8
58	0	0	0	0	0	224	59212	0	181.2-184.8
67	0	0	0	0	0	224	61613	0	181.2-184.8
76	0	0	0	0	0	224	65587	0	181.2-184.8
84	0	0	0	0	0	224	67641	0	181.2-184.8
92	0	0	0	0	0	224	72890	0	181.2-184.8
100	0	0	0	0	0	224	77149	0	181.2-184.8
108	0	0	0	0	0	224	83932	0	181.2-184.8
117	0	0	0	0	0	224	90108	0	181.2-184.8
124	0	0	0	0	0	224	94751	0	181.2-184.8
139	0	0	0	0	0	224	103786	0	181.2-184.8
148	0	0	0	0	0	224	109425	0	181.2-184.8
154	0	0	0	0	0	224	113171	0	181.2-184.8
160	0	0	0	0	0	224	120319	0	181.2-184.8
168	0	0	0	0	0	224	122513	0	181.2-184.8
175	0	0	0	0	0	224	127777	0	181.2-184.8
184	0	0	0	0	0	224	133204	0	181.2-184.8
192	0	0	0	0	0	224	138129	0	181.2-184.8
200	0	0	0	0	0	224	139156	0	181.2-184.8
209	0	0	0	0	0	224	141923	0	181.2-184.8
216	0	0	0	0	0	224	143521	0	181.2-184.8
231	0	0	0	0	0	224	143452	0	181.2-184.8
239	0	0	0	0	0	224	141999	0	181.2-184.8
245	0	0	0	0	0	224	142864	0	181.2-184.8
252	0	0	0	0	0	224	144872	0	181.2-184.8
258	0	0	0	0	0	224	145747	0	181.2-184.8
267	0	0	0	0	0	224	145933	0	181.2-184.8
281	0	0	0	0	0	224	146942	0	181.2-184.8
289	0	0	0	0	0	224	146901	0	181.2-184.8
295	0	0	0	0	0	224	145739	0	181.2-184.8
301	0	0	0	0	0	224	145256	0	181.2-184.8
308	0	0	0	0	0	224	145172	0	181.2-184.8
322	0	0	0	0	0	224	143778	0	181.2-184.8
331	0	0	0	0	0	224	144215	0	181.2-184.8
337	0	0	0	0	0	224	143955	0	181.2-184.8
343	0	0	0	0	0	224	141943	0	181.2-184.8
350	0	0	0	0	0	224	141496	0	181.2-184.8
359	0	0	0	0	0	224	141304	0	181.2-184.8
367	0	0	0	0	0	224	137723	0	181.2-184.8
376	0	0	0	0	0	224	138204	0	181.2-184.8
385	0	0	0	0	0	224	137512	0	181.2-184.8
392	0	0	0	0	0	224	137359	0	181.2-184.8
401	0	0	0	0	0	224	137292	0	181.2-184.8
409	0	0	0	0	0	224	137685	0	181.2-184.8
417	0	0	0	0	0	224	138564	0	181.2-184.8
425	0	0	0	0	0	224	138714	0	181.2-184.8
439	0	0	0	0	0	224	137011	0	181.2-184.8
447	0	0	0	0	0	224	137453	0	181.2-184.8
453	0	0	0	0	0	224	137621	0	181.2-184.8
459	0	0	0	0	0	224	140160	0	181.2-184.8
467	0	0	0	0	0	224	141310	0	181.2-184.8
481	0	0	0	0	0	224	141471	0	181.2-184.8
489	0	0	0	0	0	224	146246	0	181.2-184.8
495	0	0	0	0	0	224	146009	0	181.2-184.8
502	0	0	0	0	0	224	146296	0	181.2-184.8
508	0	0	0	0	0	224	145717	0	181.2-184.8
522	0	0	0	0	0	224	145663	0	181.2-184.8
531	0	0	0	0	0	224	145799	0	181.2-184.8
537	0	0	0	0	0	224	145799	0	181.2-184.8
544	0	0	0	0	0	224	145799	0	181.2-184.8
550	0	0	0	0	0	224	145799	0	181.2-184.8
558	0	0	0	0	0	224	145799	0	181.2-184.8
572	0	0	0	0	0	224	145799	0	181.2-184.8
581	0	0	0	0	0	224	145799	0	181.2-184.8
586	0	0	0	0	0	224	145799	0	181.2-184.8
594	0	0	0	0	0	224	145799	0	181.2-184.8
600	0	0	0	0	0	224	145799	0	181.2-184.8
614	0	0	0	0	0	224	145799	0	181.2-184.8
622	0	0	0	0	0	224	145799	0	181.2-184.8
628	0	0	0	0	0	224	145799	0	181.2-184.8
635	0	0	0	0	0	224	145799	0	181.2-184.8
648	0	0	0	0	0	224	145799	0	181.2-184.8
656	0	0	0	0	0	224	145799	0	181.2-184.8
662	0	0	0	0	0	224	145799	0	181.2-184.8
668	0	0	0	0	0	224	145799	0	181.2-184.8
675	0	0	0	0	0	224	145799	0	181.2-184.8
689	0	0	0	0	0	224	145799	0	181.2-184.8
698	0	0	0	0	0	224	145799	0	181.2-184.8
703	0	0	0	0	0	224	145799	0	181.2-184.8
710	0	0	0	0	0	224	145799	0	181.2-184.8
717	0	0	0	0	0	224	145799	0	181.2-184.8
731	0	0	0	0	0	224	145799	0	181.2-184.8
739	0	0	0	0	0	224	145799	0	181.2-184.8
745	0	0	0	0	0	224	145799	0	181.2-184.8
751	0	0	0	0	0	224	145799	0	181.2-184.8
759	0	0	0	0	0	224	145799	0	181.2-184.8
767	0	0	0	0	0	224	145799	0	181.2-184.8
781	0	0	0	0	0	224	145799	0	181.2-184.8
789	0	0	0	0	0	224	145799	0	181.2-184.8
796	0	0	0	0	0	224	145799	0	181.2-184.8
802	0	0	0	0	0	224	145799	0	181.2-184.8
808	0	0	0	0	0	224	146041	0	181.2-184.8
818	0	0	0	0	0	224	146579	0	181.2-184.8
826	0	0	0	0	0	224	146629	0	181.2-184.8
834	0	0	0	0	0	224	146698	0	181.2-184.8
843	0	0	0	0	0	224	146698	0	181.2-184.8
850	0	0	0	0	0	224	145667	0	181.2-184.8
864	0	0	0	0	0	224	146827	0	181.2-184.8
872	0	0	0	0	0	224	144713	0	181.2-184.8
878	0	0	0	0	0	224	144740	0	181.2-184.8
884	0	0	0	0	0	224	144735	0	181.2-184.8
897	0	0	0	0	0	224	143851	0	181.2-184.8
906	0	0	0	0	0	224	144472	0	181.2-184.8
912	0	0	0	0	0	224	144474	0	181.2-184.8
919	0	0	0	0	0	224	145633	0	181.2-184.8
925	0	0	0	0	0	224	146378	0	181.2-184.8
934	0	0	0	0	0	224	146370	0	181.2-184.8
942	0	0	0	0	0	224	147828	0	181.2-184.8
950	0	0	0	0	0	224	147757	0	181.2-184.8
959	0	0	0	0	0	224	147757	0	181.2-184.8
967	0	0	0	0	0	224	147650	0	181.2-184.8
975	0	0	0	0	0	224	147934	0	181.2-184.8
983	0	0	0	0	0	224	146234	0	181.2-184.8
998	0	0	0	0	0	224	146676	0	181.2-184.8
1006	0	0	0	0	0	224	146528	0	181.2-184.8
1012	0	0	0	0	0	224	146904	0	181.2-184.8
1019	0	0	0	0	0	224	147045	0	181.2-184.8
1025	0	0	0	0	0	224	147051	0	181.2-184.8
1033	0	0	0	0	0	224	147051	0	181.2-184.8
1042	0	0	0	0	0	224	146354	0	181.2-184.8
1050	0	0	0	0	0	224	146340	0	181.2-184.8
1059	0	0	0	0	0	224	146371	0	181.2-184.8
1067	0	0	0	0	0	224	146386	0	181.2-184.8
1075	0	0	0	0	0	224	146468	0	181.2-184.8
1083	0	0	0	0	0	224	145773	0	181.2-184.8
1092	0	0	0	0	0	224	140903	0	181.2-184.8
1106	0	0	0	0	0	224	140894	0	181.2-184.8
1114	0	0	0	0	0	224	137191	0	181.2-184.8
1121	0	0	0	0	0	224	137186	0	181.2-184.8
1128	0	0	0	0	0	224	134517	0	181.2-184.8
1134	0	0	0	0	0	224	134517	0	181.2-184.8
1142	0	0	0	0	0	224	134517	0	181.2-184.8
1151	0	0	0	0	0	224	134517	0	181.2-184.8
1159	0	0	0	0	0	224	103904	0	181.2-184.8
1167	0	0	0	0	0	224	103904	0	181.2-184.8
1175	0	0	0	0	0	224	103904	0	181.2-184.8
1183	0	0	0	0	0	224	103904	0	181.2-184.8
1192	0	0	0	0	0	224	103904	0	181.2-184.8
1206	0	0	0	0	0	224	103904	0	181.2-184.8
1214	0	0	0	0	0	224	103904	0	181.2-184.8
1220	0	0	0	0	0	224	103904	0	181.2-184.8
1227	0	0	0	0	0	224	103904	0	181.2-184.8
1233	0	0	0	0	0	224	103904	0	181.2-184.8
1248	0	0	0	0	0	224	103904	0	181.2-184.8
1256	0	0	0	0	0	224	103904	0	181.2-184.8
1262	0	0	0	0	0	224	103904	0	181.2-184.8
1269	0	0	0	0	0	224	103904	0	181.2-184.8
1275	0	0	0	0	0	224	103904	0	181.2-184.8
1289	0	0	0	0	0	224	103904	0	181.2-184.8
1300	0	0	0	0	0	224	103904	0	181.2-184.8
1309	0	0	0	0	0	224	103904	0	181.2-184.8
1318	0	0	0	0	0	224	103904	0	181.2-184.8
1326	0	0	0	0	0	224	103904	0	181.2-184.8
1334	0	0	0	0	0	224	103904	0	181.2-184.8
1343	0	0	0	0	0	224	103904	0	181.2-184.8
1351	0	0	0	0	0	224	103904	0	181.2-184.8
1358	0	0	0	0	0	224	103904	0	181.2-184.8
1372	0	0	0	0	0	224	103904	0	181.2-184.8
1381	0	0	0	0	0	224	103904	0	181.2-184.8
1388	0	0	0	0	0	224	103904	0	181.2-184.8
